4 0.431292 0.23998 0.0818268 0.113397 0.858475
3 0.323854 0.260756 0.0632011 0.0649258 0.856085
5 0.851277 0.267743 0.0888819 0.0633391 0.846169
9 0.334441 0.636594 0.0692497 0.0507287 0.836807
3 0.628804 0.259873 0.0679825 0.0701895 0.8345
9 0.438456 0.560263 0.0718344 0.0572243 0.833535
3 0.533935 0.255609 0.0599305 0.0670326 0.832438
2 0.32872 0.327335 0.0831573 0.0740305 0.829124
5 0.848391 0.167362 0.103734 0.0859663 0.822523
0 0.630131 0.168562 0.0753414 0.0894664 0.813513
9 0.53998 0.483932 0.0618266 0.0564208 0.813121
9 0.429965 0.637338 0.0684681 0.0537857 0.811242
3 0.23255 0.332998 0.0724791 0.0605583 0.806927
3 0.434689 0.409749 0.0639946 0.0550905 0.797708
10 0.325354 0.70659 0.0822296 0.0654329 0.782102
5 0.123421 0.159477 0.100418 0.0907639 0.745107
5 0.836457 0.333954 0.0883151 0.0714763 0.74364
1 0.540809 0.167764 0.0824297 0.106987 0.732538
3 0.131826 0.277261 0.0824593 0.0629036 0.731611
9 0.836833 0.479849 0.0796818 0.0535129 0.70734
3 0.736466 0.408767 0.0739701 0.0584553 0.6934
8 0.425278 0.747996 0.0650271 0.042452 0.679927
9 0.225014 0.479384 0.0756315 0.0556626 0.676303
9 0.725093 0.636471 0.0610633 0.0522763 0.652813
8 0.839134 0.556664 0.0935829 0.0616117 0.612681
9 0.637386 0.634051 0.0687021 0.0555213 0.612261
0 0.342198 0.169512 0.0758286 0.0879731 0.530538
