4 0.432046 0.208075 0.0860717 0.113467 0.8818
3 0.632169 0.225651 0.0683052 0.0717556 0.849467
9 0.64233 0.462531 0.0700066 0.0524553 0.846336
5 0.858024 0.126852 0.10708 0.0939163 0.844716
9 0.544475 0.455935 0.0668341 0.0528416 0.831593
3 0.535868 0.223608 0.061768 0.0698063 0.823357
3 0.323168 0.228912 0.0638128 0.0688139 0.818418
1 0.54246 0.13225 0.0809636 0.115062 0.810353
9 0.339132 0.60826 0.0728212 0.0521089 0.808926
0 0.341758 0.136698 0.078734 0.0910288 0.808217
10 0.335128 0.678649 0.0813192 0.0651471 0.806483
3 0.437971 0.380424 0.0667173 0.0562609 0.804562
2 0.330141 0.297777 0.0823578 0.0762176 0.776343
9 0.22691 0.453456 0.0777698 0.0540812 0.755542
5 0.859155 0.232259 0.0861374 0.071563 0.733428
2 0.437488 0.458993 0.0807664 0.0627457 0.730804
10 0.747539 0.534291 0.110779 0.0622225 0.72549
8 0.426962 0.718662 0.0686936 0.0413072 0.662396
4 0.542495 0.130802 0.0821038 0.115027 0.652196
11 0.850323 0.450758 0.0867181 0.053198 0.647298
9 0.439315 0.534501 0.0765674 0.050344 0.621598
0 0.130584 0.249995 0.0798192 0.0646528 0.617054
4 0.120661 0.129692 0.109436 0.0913784 0.578519
8 0.850135 0.450966 0.0859422 0.0542055 0.556315
6 0.435639 0.609568 0.0698574 0.0528443 0.544779
3 0.232911 0.303829 0.0755026 0.0632041 0.533292
