2 0.630513 0.234438 0.0596418 0.115741 0.820083
11 0.237245 0.35343 0.0737709 0.08924 0.813573
8 0.468048 0.236656 0.0679353 0.10108 0.802524
3 0.567128 0.454398 0.052302 0.0728605 0.790178
9 0.411321 0.762855 0.0552536 0.0845168 0.755251
2 0.643817 0.555257 0.0726867 0.0949066 0.748363
3 0.72154 0.662381 0.0569444 0.0769569 0.74023
3 0.476541 0.338404 0.0527964 0.0769726 0.69099
8 0.481246 0.669138 0.0715464 0.104674 0.65435
2 0.723499 0.439962 0.0912613 0.103899 0.583896
11 0.323754 0.880578 0.0608516 0.0903897 0.573573
10 0.386314 0.447047 0.0854928 0.0978229 0.566679
9 0.321438 0.140905 0.0613328 0.102474 0.54733
