8 0.418146 0.138357 0.0575469 0.145634 0.861331
9 0.245253 0.476706 0.0669118 0.102726 0.860407
8 0.33874 0.242824 0.0587227 0.133973 0.84548
10 0.241487 0.609325 0.109269 0.137498 0.83863
4 0.685915 0.320471 0.0863527 0.1578 0.827528
2 0.571641 0.152218 0.0625072 0.137965 0.815008
3 0.698486 0.566674 0.0689263 0.088597 0.798758
4 0.615328 0.43596 0.0936234 0.153322 0.784871
3 0.536392 0.695656 0.0657501 0.110171 0.744091
5 0.650847 0.136448 0.0681406 0.144745 0.716453
10 0.440962 0.575398 0.0736382 0.131239 0.617191
11 0.422666 0.452594 0.0629993 0.12123 0.522084
