2 0.263506 0.229608 0.0722652 0.0857534 0.842226
2 0.827355 0.283551 0.0860228 0.0889084 0.825438
3 0.630687 0.29466 0.0541426 0.070453 0.822448
6 0.150146 0.439626 0.0937669 0.072292 0.792216
8 0.870827 0.490709 0.124056 0.0837748 0.780048
2 0.440286 0.730368 0.0926913 0.0748914 0.771504
11 0.157439 0.297968 0.0820965 0.0760703 0.759267
8 0.875099 0.731031 0.124984 0.0719734 0.679658
8 0.714494 0.218217 0.0642985 0.0881701 0.573849
11 0.544301 0.227484 0.0584435 0.0785523 0.568666
2 0.454126 0.493422 0.0685755 0.0715617 0.548468
1 0.124283 0.582225 0.128901 0.0767792 0.543843
