11 0.270232 0.35428 0.0657146 0.0859674 0.881687
8 0.50898 0.252522 0.060043 0.0972952 0.823029
9 0.444514 0.763445 0.050056 0.0830458 0.813553
3 0.51097 0.353941 0.0501605 0.0732662 0.793161
3 0.595796 0.468828 0.0524653 0.0655218 0.774611
2 0.591189 0.764438 0.057676 0.0930559 0.774294
9 0.354515 0.565048 0.056551 0.082791 0.724211
9 0.359412 0.139275 0.051961 0.104721 0.669466
1 0.73479 0.261519 0.0743778 0.09377 0.655866
8 0.516406 0.668427 0.0671938 0.0970706 0.629598
9 0.435647 0.457773 0.0572497 0.0817799 0.614026
5 0.735332 0.261452 0.0751924 0.0941192 0.596833
8 0.358546 0.882578 0.0550929 0.0910664 0.523952
