4 0.422251 0.177875 0.0948952 0.135339 0.865284
11 0.194825 0.190649 0.101151 0.0969926 0.852135
2 0.19007 0.357583 0.113405 0.0761749 0.838644
6 0.312096 0.341776 0.0852058 0.0856289 0.802057
2 0.527582 0.433033 0.0824853 0.077035 0.784904
2 0.0853287 0.437349 0.112493 0.0716004 0.760517
9 0.536144 0.271215 0.0612322 0.0705663 0.734128
10 0.523681 0.338871 0.0914901 0.105891 0.693622
11 0.764605 0.33683 0.116848 0.100504 0.677694
3 0.528985 0.603207 0.077052 0.0643849 0.654525
2 0.191498 0.512826 0.130157 0.0789185 0.635488
6 0.857458 0.190496 0.0980217 0.0891663 0.63326
7 0.523277 0.337117 0.0908106 0.109168 0.523335
