3 0.345199 0.292693 0.0706259 0.0587873 0.880258
9 0.657587 0.693238 0.0648726 0.0565737 0.838791
9 0.237778 0.681764 0.064942 0.050301 0.836916
0 0.347476 0.218909 0.0882654 0.0778584 0.828628
9 0.547249 0.691513 0.0699727 0.0569115 0.825449
9 0.450188 0.68682 0.0664225 0.061632 0.825174
3 0.463602 0.308667 0.0691388 0.056969 0.822783
9 0.135058 0.758551 0.0754261 0.0565917 0.808756
5 0.107446 0.206594 0.118482 0.0793365 0.804706
9 0.341631 0.681272 0.0644381 0.0617517 0.803422
2 0.226107 0.193421 0.110623 0.0826393 0.79385
3 0.894578 0.305711 0.0932101 0.0652972 0.758808
1 0.453932 0.203222 0.0863176 0.104245 0.748494
9 0.431801 0.752948 0.0612532 0.0535771 0.746408
9 0.136683 0.675732 0.0697653 0.0534012 0.744546
9 0.755332 0.696934 0.0728893 0.0551614 0.741399
5 0.922207 0.199581 0.113891 0.0823704 0.726059
4 0.557507 0.204929 0.0949296 0.114476 0.694295
2 0.79301 0.203113 0.11177 0.0845245 0.688904
3 0.233826 0.297844 0.0800106 0.0609471 0.650302
9 0.65233 0.760933 0.0740738 0.0523764 0.638011
0 0.681679 0.21308 0.0851945 0.0767337 0.631119
3 0.663337 0.297383 0.0767419 0.0609368 0.618277
3 0.768994 0.300232 0.0851407 0.0651095 0.611308
9 0.867752 0.698253 0.0744155 0.0548985 0.604288
11 0.550599 0.812553 0.0619837 0.0525349 0.586986
9 0.545555 0.757079 0.0772958 0.055563 0.580388
8 0.739774 0.778578 0.07587 0.0617528 0.540917
9 0.341042 0.758984 0.0707909 0.0527191 0.533424
