5 0.860265 0.272091 0.0934832 0.0668233 0.866464
3 0.544112 0.255922 0.0659712 0.0703579 0.865154
2 0.233581 0.556633 0.0795798 0.0588846 0.852421
3 0.636672 0.261333 0.0677143 0.0689071 0.839274
5 0.747998 0.173337 0.0984096 0.084171 0.824259
2 0.335216 0.558111 0.0731551 0.0568429 0.818624
8 0.226759 0.478008 0.082957 0.0563622 0.816768
10 0.751348 0.251781 0.112375 0.0993767 0.815904
2 0.438808 0.487061 0.0813835 0.0652044 0.814469
9 0.545817 0.486491 0.0652895 0.0553417 0.813829
4 0.43934 0.239156 0.0847896 0.111328 0.811434
9 0.643077 0.494138 0.0693287 0.0540397 0.804079
9 0.239713 0.40716 0.0767978 0.0615819 0.801387
2 0.537627 0.407946 0.0768685 0.0664535 0.798576
8 0.12689 0.556054 0.10586 0.0626057 0.798398
11 0.127979 0.400098 0.100646 0.0632525 0.797308
2 0.639266 0.557481 0.0835405 0.0598878 0.783053
9 0.332104 0.638292 0.0669759 0.0554843 0.779242
3 0.440117 0.410069 0.0694476 0.0583003 0.722265
5 0.839456 0.641999 0.0835223 0.0558992 0.652399
3 0.743769 0.413141 0.0725178 0.057365 0.558332
9 0.43421 0.561967 0.0670563 0.0543458 0.547294
2 0.239544 0.330063 0.0781662 0.0617635 0.546085
9 0.729786 0.642007 0.0770452 0.0645608 0.545792
3 0.131718 0.244179 0.0809025 0.0659425 0.509142
