9 0.664929 0.494411 0.0702105 0.0528004 0.874965
3 0.347022 0.25539 0.0642692 0.0632035 0.872832
4 0.454247 0.233451 0.0835209 0.111734 0.87239
3 0.659619 0.255601 0.070111 0.0687185 0.859809
1 0.572422 0.157928 0.0893115 0.111596 0.85047
2 0.347812 0.329802 0.0833041 0.0730345 0.850419
5 0.767168 0.164441 0.096184 0.0952736 0.84081
2 0.238395 0.154648 0.0887461 0.0885014 0.840452
3 0.141271 0.240673 0.0759902 0.0666298 0.837832
2 0.455781 0.489194 0.0815259 0.0633766 0.832527
3 0.561496 0.250272 0.0662641 0.0722003 0.831902
3 0.247874 0.329519 0.0717105 0.0589177 0.818277
9 0.567082 0.491244 0.0659082 0.0520344 0.817884
3 0.456465 0.410712 0.0654964 0.0550726 0.817235
9 0.23833 0.482537 0.0782444 0.0551285 0.813398
5 0.892278 0.262885 0.0911192 0.0644141 0.773791
10 0.341465 0.71658 0.0843107 0.071307 0.757648
9 0.227536 0.567234 0.0586729 0.0480071 0.750671
9 0.446235 0.645861 0.0732485 0.0571944 0.726448
9 0.249229 0.403246 0.0684036 0.0677807 0.702874
8 0.549409 0.7244 0.0768982 0.0745335 0.664749
9 0.751808 0.646813 0.0712625 0.0555074 0.663262
0 0.363937 0.157794 0.0777605 0.0952504 0.661793
9 0.45426 0.568712 0.0745217 0.0570994 0.591642
11 0.87586 0.486075 0.085235 0.0523166 0.572032
8 0.347801 0.644405 0.074971 0.0597871 0.541745
10 0.775233 0.572523 0.111731 0.0646949 0.525912
