11 0.192858 0.250996 0.0684306 0.120362 0.88797
11 0.271468 0.448375 0.0677058 0.114665 0.887941
2 0.570151 0.163901 0.0542337 0.126612 0.885934
0 0.64474 0.145194 0.0591663 0.141015 0.865112
4 0.599013 0.426267 0.0791851 0.136933 0.85704
10 0.352067 0.326288 0.0678928 0.15777 0.85042
3 0.517911 0.351018 0.0480902 0.0963291 0.842797
3 0.674881 0.543268 0.0590923 0.0855407 0.839633
8 0.424235 0.155131 0.0558373 0.123617 0.832017
9 0.365515 0.661286 0.0538531 0.0806643 0.831638
4 0.668937 0.321754 0.0777327 0.14291 0.782177
9 0.265004 0.794454 0.0639244 0.0869542 0.738557
5 0.430245 0.245162 0.0487834 0.105191 0.645652
8 0.280604 0.25478 0.0564277 0.116656 0.629711
10 0.441086 0.541768 0.0634217 0.121842 0.612475
