3 0.546226 0.293689 0.0703637 0.0673074 0.870392
10 0.77236 0.284677 0.119583 0.104254 0.870203
3 0.648301 0.297284 0.0733171 0.0688658 0.859
9 0.554291 0.538178 0.0679818 0.0544374 0.8585
3 0.440675 0.455493 0.0738337 0.058006 0.854501
2 0.225137 0.374999 0.0843287 0.0636158 0.853878
8 0.326141 0.703528 0.0844357 0.0661025 0.842852
9 0.656318 0.542908 0.0744013 0.0542222 0.807827
2 0.654431 0.613401 0.0898831 0.0664531 0.806898
2 0.224443 0.613173 0.0887132 0.0617129 0.797869
5 0.76601 0.197787 0.102895 0.0900297 0.796606
3 0.766087 0.455606 0.0819943 0.0609271 0.786816
5 0.890697 0.302112 0.0933713 0.0708639 0.77367
9 0.432955 0.703794 0.0778433 0.0644508 0.763751
2 0.544406 0.455953 0.084612 0.0662208 0.758965
9 0.221139 0.459007 0.0842039 0.0606616 0.756088
4 0.435841 0.278288 0.0919401 0.108943 0.753929
2 0.439841 0.536475 0.0890722 0.0646778 0.703986
2 0.658632 0.725063 0.0783619 0.0733687 0.673308
8 0.111358 0.696718 0.0925389 0.0560756 0.669158
2 0.111423 0.288748 0.091544 0.0674807 0.666504
2 0.330718 0.614599 0.0790654 0.0620777 0.665373
10 0.322601 0.77748 0.0905304 0.0760634 0.655737
8 0.113541 0.455284 0.10743 0.0656285 0.642366
9 0.877931 0.532769 0.0897776 0.0581219 0.619004
11 0.112264 0.455325 0.107635 0.0635627 0.617571
9 0.750381 0.701105 0.073912 0.0571097 0.610063
3 0.331734 0.616431 0.077725 0.0592181 0.529802
