3 0.212922 0.280704 0.0795522 0.0691386 0.880883
0 0.332823 0.199392 0.0821627 0.0891461 0.873444
9 0.210277 0.687206 0.0722626 0.0546919 0.863028
9 0.442917 0.685568 0.0689952 0.0587819 0.853055
3 0.328427 0.273385 0.0647409 0.0689746 0.850212
9 0.661836 0.689876 0.0731784 0.0615267 0.846354
1 0.544378 0.186876 0.0932314 0.122399 0.842978
9 0.328052 0.682768 0.0694633 0.0590063 0.830795
9 0.543975 0.690469 0.0702306 0.0607079 0.830286
3 0.754937 0.281194 0.0802309 0.0670367 0.82896
3 0.879717 0.285497 0.0943502 0.0695376 0.823378
2 0.213975 0.176417 0.0962084 0.0919069 0.821724
0 0.667035 0.193353 0.0824876 0.0878317 0.815169
9 0.763667 0.694389 0.0729319 0.0600298 0.813785
3 0.649568 0.277256 0.0741681 0.0683898 0.792462
5 0.0902725 0.190179 0.115017 0.0930419 0.785502
9 0.104888 0.683552 0.0639329 0.0518115 0.7761
5 0.898392 0.181706 0.111942 0.0977972 0.775888
3 0.56539 0.294167 0.0642859 0.060118 0.757242
3 0.10267 0.293428 0.0802161 0.0629737 0.756605
11 0.0723207 0.804683 0.094216 0.0521902 0.747236
10 0.320707 0.78302 0.0881354 0.082242 0.74605
4 0.440993 0.187513 0.0902884 0.115269 0.736628
3 0.450144 0.289918 0.0710283 0.0674949 0.65329
11 0.889951 0.804439 0.0689756 0.0568334 0.618267
8 0.754701 0.783201 0.0823402 0.0603773 0.59125
0 0.450418 0.289777 0.0707086 0.0680668 0.536719
2 0.776161 0.18336 0.10296 0.0939944 0.5041
