10 0.704168 0.604052 0.163887 0.451154 0.873769
9 0.169125 0.436319 0.116784 0.304675 0.824513
8 0.425185 0.500987 0.164073 0.397867 0.780411
10 0.870861 0.617091 0.176516 0.580539 0.777541
11 0.283164 0.481669 0.1458 0.331243 0.720963
6 0.56101 0.556926 0.139699 0.411491 0.536017
10 0.704168 0.604052 0.163887 0.451154 0.873769
9 0.169125 0.436319 0.116784 0.304675 0.824513
8 0.425185 0.500987 0.164073 0.397867 0.780411
10 0.870861 0.617091 0.176516 0.580539 0.777541
11 0.283164 0.481669 0.1458 0.331243 0.720963
6 0.56101 0.556926 0.139699 0.411491 0.536017
10 0.704168 0.604052 0.163887 0.451154 0.873769
9 0.169125 0.436319 0.116784 0.304675 0.824513
8 0.425185 0.500987 0.164073 0.397867 0.780411
10 0.870861 0.617091 0.176516 0.580539 0.777541
11 0.283164 0.481669 0.1458 0.331243 0.720963
6 0.56101 0.556926 0.139699 0.411491 0.536017
10 0.704168 0.604052 0.163887 0.451154 0.873769
9 0.169125 0.436319 0.116784 0.304675 0.824513
8 0.425185 0.500987 0.164073 0.397867 0.780411
10 0.870861 0.617091 0.176516 0.580539 0.777541
11 0.283164 0.481669 0.1458 0.331243 0.720963
6 0.56101 0.556926 0.139699 0.411491 0.536017
10 0.704168 0.604052 0.163887 0.451154 0.873769
9 0.169125 0.436319 0.116784 0.304675 0.824513
8 0.425185 0.500987 0.164073 0.397867 0.780411
10 0.870861 0.617091 0.176516 0.580539 0.777541
11 0.283164 0.481669 0.1458 0.331243 0.720963
6 0.56101 0.556926 0.139699 0.411491 0.536017
10 0.704168 0.604052 0.163887 0.451154 0.873769
9 0.169125 0.436319 0.116784 0.304675 0.824513
8 0.425185 0.500987 0.164073 0.397867 0.780411
10 0.870861 0.617091 0.176516 0.580539 0.777541
11 0.283164 0.481669 0.1458 0.331243 0.720963
6 0.56101 0.556926 0.139699 0.411491 0.536017
10 0.704168 0.604052 0.163887 0.451154 0.873769
9 0.169125 0.436319 0.116784 0.304675 0.824513
8 0.425185 0.500987 0.164073 0.397867 0.780411
10 0.870861 0.617091 0.176516 0.580539 0.777541
11 0.283164 0.481669 0.1458 0.331243 0.720963
6 0.56101 0.556926 0.139699 0.411491 0.536017
10 0.704168 0.604052 0.163887 0.451154 0.873769
9 0.169125 0.436319 0.116784 0.304675 0.824513
8 0.425185 0.500987 0.164073 0.397867 0.780411
10 0.870861 0.617091 0.176516 0.580539 0.777541
11 0.283164 0.481669 0.1458 0.331243 0.720963
6 0.56101 0.556926 0.139699 0.411491 0.536017
10 0.704168 0.604052 0.163887 0.451154 0.873769
9 0.169125 0.436319 0.116784 0.304675 0.824513
8 0.425185 0.500987 0.164073 0.397867 0.780411
10 0.870861 0.617091 0.176516 0.580539 0.777541
11 0.283164 0.481669 0.1458 0.331243 0.720963
6 0.56101 0.556926 0.139699 0.411491 0.536017
10 0.704168 0.604052 0.163887 0.451154 0.873769
9 0.169125 0.436319 0.116784 0.304675 0.824513
8 0.425185 0.500987 0.164073 0.397867 0.780411
10 0.870861 0.617091 0.176516 0.580539 0.777541
11 0.283164 0.481669 0.1458 0.331243 0.720963
6 0.56101 0.556926 0.139699 0.411491 0.536017
10 0.704168 0.604052 0.163887 0.451154 0.873769
9 0.169125 0.436319 0.116784 0.304675 0.824513
8 0.425185 0.500987 0.164073 0.397867 0.780411
10 0.870861 0.617091 0.176516 0.580539 0.777541
11 0.283164 0.481669 0.1458 0.331243 0.720963
6 0.56101 0.556926 0.139699 0.411491 0.536017
10 0.704168 0.604052 0.163887 0.451154 0.873769
9 0.169125 0.436319 0.116784 0.304675 0.824513
8 0.425185 0.500987 0.164073 0.397867 0.780411
10 0.870861 0.617091 0.176516 0.580539 0.777541
11 0.283164 0.481669 0.1458 0.331243 0.720963
6 0.56101 0.556926 0.139699 0.411491 0.536017
10 0.704168 0.604052 0.163887 0.451154 0.873769
9 0.169125 0.436319 0.116784 0.304675 0.824513
8 0.425185 0.500987 0.164073 0.397867 0.780411
10 0.870861 0.617091 0.176516 0.580539 0.777541
11 0.283164 0.481669 0.1458 0.331243 0.720963
6 0.56101 0.556926 0.139699 0.411491 0.536017
10 0.704168 0.604052 0.163887 0.451154 0.873769
9 0.169125 0.436319 0.116784 0.304675 0.824513
8 0.425185 0.500987 0.164073 0.397867 0.780411
10 0.870861 0.617091 0.176516 0.580539 0.777541
11 0.283164 0.481669 0.1458 0.331243 0.720963
6 0.56101 0.556926 0.139699 0.411491 0.536017
