11 0.0859246 0.767719 0.0773245 0.118178 0.848928
11 0.799757 0.425599 0.066639 0.140448 0.843287
11 0.821791 0.757901 0.0732765 0.1186 0.817208
8 0.82095 0.639455 0.0838815 0.122699 0.816731
3 0.232048 0.168516 0.0482214 0.0919872 0.790394
3 0.208891 0.560865 0.0583562 0.0963259 0.776718
9 0.701295 0.550121 0.0585843 0.0971617 0.770265
9 0.719903 0.772188 0.0649042 0.0963914 0.766029
9 0.702379 0.346298 0.0533591 0.092348 0.759447
9 0.70396 0.660532 0.0596252 0.0949431 0.756821
8 0.799665 0.150409 0.0739763 0.118431 0.755459
3 0.236868 0.0826777 0.0475105 0.0881347 0.753261
8 0.0871847 0.652004 0.0997362 0.116222 0.751089
6 0.801084 0.532709 0.0693813 0.134835 0.736512
5 0.144636 0.0705607 0.0618138 0.103233 0.735919
3 0.194598 0.777049 0.0601041 0.0902838 0.728295
9 0.696617 0.256793 0.0505057 0.0918499 0.724872
3 0.218661 0.353532 0.051688 0.0926485 0.721484
3 0.226775 0.264054 0.0502881 0.0896763 0.704105
5 0.103089 0.547 0.0660699 0.112801 0.691309
8 0.139402 0.138386 0.0695586 0.159851 0.655683
3 0.201324 0.665174 0.0575492 0.0924235 0.629558
3 0.211878 0.455441 0.0523853 0.0930322 0.572673
6 0.122845 0.229033 0.0688079 0.166297 0.54653
9 0.795341 0.238003 0.0592824 0.137767 0.542787
0 0.12487 0.229667 0.0710498 0.164059 0.521991
11 0.0859246 0.767719 0.0773245 0.118178 0.848928
11 0.799757 0.425599 0.066639 0.140448 0.843287
11 0.821791 0.757901 0.0732765 0.1186 0.817208
8 0.82095 0.639455 0.0838815 0.122699 0.816731
3 0.232048 0.168516 0.0482214 0.0919872 0.790394
3 0.208891 0.560865 0.0583562 0.0963259 0.776718
9 0.701295 0.550121 0.0585843 0.0971617 0.770265
9 0.719903 0.772188 0.0649042 0.0963914 0.766029
9 0.702379 0.346298 0.0533591 0.092348 0.759447
9 0.70396 0.660532 0.0596252 0.0949431 0.756821
8 0.799665 0.150409 0.0739763 0.118431 0.755459
3 0.236868 0.0826777 0.0475105 0.0881347 0.753261
8 0.0871847 0.652004 0.0997362 0.116222 0.751089
6 0.801084 0.532709 0.0693813 0.134835 0.736512
5 0.144636 0.0705607 0.0618138 0.103233 0.735919
3 0.194598 0.777049 0.0601041 0.0902838 0.728295
9 0.696617 0.256793 0.0505057 0.0918499 0.724872
3 0.218661 0.353532 0.051688 0.0926485 0.721484
3 0.226775 0.264054 0.0502881 0.0896763 0.704105
5 0.103089 0.547 0.0660699 0.112801 0.691309
8 0.139402 0.138386 0.0695586 0.159851 0.655683
3 0.201324 0.665174 0.0575492 0.0924235 0.629558
3 0.211878 0.455441 0.0523853 0.0930322 0.572673
6 0.122845 0.229033 0.0688079 0.166297 0.54653
9 0.795341 0.238003 0.0592824 0.137767 0.542787
0 0.12487 0.229667 0.0710498 0.164059 0.521991
