3 0.322701 0.260519 0.0623819 0.0659675 0.862794
5 0.849245 0.169296 0.104882 0.0858542 0.860838
4 0.430756 0.240579 0.0816868 0.112542 0.85572
5 0.122204 0.160121 0.101908 0.0911049 0.855258
3 0.628308 0.2592 0.0678392 0.0717039 0.849314
3 0.533528 0.254866 0.0603377 0.0692729 0.845996
2 0.329385 0.326877 0.0799942 0.0792895 0.843066
9 0.540398 0.482664 0.0668276 0.0603261 0.829071
5 0.850575 0.266941 0.0857207 0.0640372 0.823565
8 0.32712 0.559098 0.0827281 0.0652474 0.820136
3 0.230305 0.331602 0.072423 0.0645555 0.811315
3 0.127993 0.276193 0.0818259 0.0679763 0.809386
3 0.734797 0.407237 0.0748438 0.0631024 0.803349
3 0.434956 0.408159 0.0662786 0.0602234 0.802719
8 0.532711 0.555366 0.0876152 0.0700963 0.792532
9 0.724741 0.635008 0.0635886 0.0555291 0.738791
0 0.837173 0.333033 0.0941317 0.076993 0.732075
8 0.635912 0.634215 0.0736252 0.0596071 0.707108
8 0.836762 0.554704 0.0892526 0.0612263 0.696529
9 0.836123 0.480788 0.0822493 0.0562334 0.694212
9 0.334867 0.63589 0.0726613 0.0539562 0.688265
8 0.122454 0.632893 0.0904126 0.0650521 0.676066
0 0.630754 0.168049 0.0755885 0.0906308 0.668923
0 0.341933 0.168256 0.0736387 0.0909251 0.614622
9 0.429694 0.63614 0.0663393 0.0560669 0.599427
4 0.541022 0.166901 0.0855566 0.108137 0.56237
9 0.435831 0.558969 0.0723527 0.059326 0.52477
1 0.541512 0.167454 0.0842896 0.107252 0.503341
