4 0.431697 0.209455 0.0856983 0.114234 0.884478
5 0.857913 0.128195 0.107921 0.0940587 0.88278
3 0.632107 0.225623 0.0692018 0.0736338 0.855869
0 0.342452 0.13619 0.0791121 0.0925913 0.853003
2 0.331871 0.298721 0.0794012 0.0784661 0.850798
3 0.323996 0.228321 0.0648546 0.0711562 0.848641
3 0.536462 0.223772 0.0631004 0.0702433 0.842625
9 0.725967 0.606444 0.0715919 0.0546181 0.828469
9 0.642182 0.461736 0.0737579 0.0562501 0.823604
9 0.338386 0.609016 0.0742547 0.0553077 0.82106
2 0.437081 0.458249 0.0803581 0.0643909 0.81822
9 0.22749 0.454502 0.0792949 0.0590013 0.806717
3 0.437705 0.380157 0.0665528 0.0589972 0.770491
9 0.43579 0.609596 0.0739703 0.0565942 0.766454
5 0.860433 0.23066 0.0879536 0.0736111 0.756267
10 0.333215 0.679628 0.0848658 0.066907 0.753519
8 0.851048 0.452119 0.0880223 0.0553118 0.746197
4 0.120059 0.131362 0.110787 0.0914607 0.732719
8 0.131966 0.605673 0.0856559 0.0536404 0.724814
1 0.543242 0.131198 0.0840131 0.119654 0.703182
5 0.119015 0.13126 0.110642 0.090581 0.702562
9 0.544324 0.455399 0.0706657 0.0578129 0.701522
9 0.234494 0.377893 0.071198 0.0682628 0.700567
4 0.543677 0.130016 0.0844658 0.119275 0.663522
3 0.740494 0.377495 0.0794556 0.0620221 0.63983
11 0.846237 0.691394 0.0942612 0.0495148 0.621852
8 0.242891 0.678782 0.0869064 0.0614534 0.596674
3 0.126854 0.249935 0.0863929 0.0664468 0.59563
10 0.743412 0.533696 0.104627 0.0677339 0.585038
0 0.846804 0.296078 0.0983229 0.0816218 0.575655
0 0.127264 0.248181 0.0842409 0.0702883 0.573475
8 0.239218 0.688205 0.0848235 0.0541112 0.555672
11 0.830721 0.680273 0.0837457 0.0636588 0.541586
3 0.231923 0.302499 0.0782325 0.0653057 0.530815
2 0.232348 0.303762 0.0771715 0.0648181 0.51496
