2 0.57001 0.162918 0.0541262 0.126222 0.8885
0 0.644496 0.145236 0.0603742 0.142271 0.879408
10 0.351989 0.32487 0.0701177 0.157987 0.87699
11 0.191753 0.25106 0.0712181 0.123735 0.866553
11 0.271035 0.448816 0.0694094 0.11492 0.863526
4 0.666786 0.32148 0.0792923 0.146396 0.862036
8 0.42474 0.155294 0.0566775 0.125449 0.857931
3 0.518033 0.351327 0.0494398 0.0975732 0.85793
9 0.365355 0.661954 0.057127 0.086197 0.849687
3 0.673294 0.544126 0.0585474 0.0855489 0.844239
4 0.598681 0.426826 0.0780673 0.139127 0.842982
5 0.430297 0.245655 0.0514026 0.109107 0.599997
8 0.280522 0.2549 0.0591621 0.118669 0.597556
2 0.523572 0.652379 0.0606926 0.106373 0.561725
10 0.441242 0.541751 0.0656784 0.126152 0.535178
3 0.429981 0.244992 0.0514793 0.111935 0.502728
