8 0.468148 0.236063 0.0643044 0.103652 0.873511
11 0.23723 0.355305 0.0771181 0.090208 0.84435
3 0.567613 0.452937 0.0540145 0.0810617 0.84342
2 0.724545 0.440338 0.0842338 0.103232 0.835763
2 0.644132 0.551025 0.0725538 0.10295 0.83386
3 0.72252 0.661738 0.0597674 0.0822058 0.795888
3 0.476564 0.338006 0.0535064 0.0861907 0.78096
2 0.630906 0.23388 0.0567452 0.119256 0.779044
8 0.482155 0.667855 0.071959 0.107402 0.729138
11 0.324308 0.878408 0.0616442 0.0903596 0.726258
8 0.323446 0.360472 0.0699866 0.0906752 0.722244
9 0.411823 0.764984 0.0595198 0.0895358 0.704174
10 0.386033 0.448456 0.0851129 0.0963696 0.622297
2 0.716903 0.218349 0.0619997 0.110752 0.613161
6 0.320492 0.139821 0.0601212 0.101858 0.565191
3 0.563277 0.765752 0.0609267 0.0952019 0.530681
