8 0.417671 0.137891 0.059286 0.151425 0.854064
2 0.571116 0.152539 0.0623887 0.136869 0.853482
4 0.683286 0.322188 0.088339 0.161032 0.837811
9 0.245874 0.47827 0.0687502 0.109156 0.830809
8 0.338098 0.242055 0.0617891 0.141959 0.808116
4 0.612635 0.437752 0.0933033 0.157255 0.806656
3 0.696283 0.567994 0.0700166 0.0915733 0.756833
10 0.240914 0.613753 0.109037 0.144567 0.748973
11 0.422409 0.452603 0.0642853 0.126005 0.736428
3 0.533954 0.695934 0.0668268 0.11489 0.68162
10 0.43935 0.573398 0.0765018 0.139821 0.595837
5 0.650859 0.138769 0.0694674 0.146655 0.537105
