8 0.325863 0.703961 0.0844544 0.0703468 0.876445
3 0.439861 0.455581 0.0727545 0.0607074 0.875614
10 0.772097 0.285338 0.120864 0.106357 0.859761
9 0.553335 0.537315 0.0688882 0.0591124 0.858079
4 0.433573 0.278729 0.0942877 0.111461 0.854872
3 0.54601 0.293618 0.073395 0.0689912 0.853325
3 0.649301 0.296549 0.0749744 0.0711437 0.851555
2 0.544156 0.455422 0.0835728 0.0681077 0.843149
2 0.65436 0.612969 0.0914876 0.0705117 0.840884
5 0.765979 0.198103 0.102238 0.0925467 0.834653
2 0.224801 0.613778 0.0848001 0.065438 0.828043
2 0.439419 0.53597 0.0875522 0.0671375 0.823679
3 0.765793 0.454691 0.0840868 0.0647346 0.809694
9 0.65771 0.54348 0.0753906 0.0569727 0.795543
11 0.111511 0.456247 0.106879 0.0642878 0.756411
9 0.431947 0.703528 0.0807237 0.0677326 0.739661
2 0.657418 0.72191 0.0805366 0.0805535 0.737477
2 0.328155 0.614185 0.0801745 0.0640562 0.717914
10 0.321042 0.77996 0.0937825 0.0842795 0.716271
3 0.889092 0.302122 0.0909302 0.0724039 0.701914
2 0.109412 0.288848 0.0950323 0.0717177 0.675167
9 0.877769 0.532826 0.0909649 0.0589974 0.674228
2 0.222696 0.374768 0.086991 0.0673291 0.672806
3 0.109379 0.28922 0.0968505 0.0717034 0.620512
9 0.753536 0.705149 0.0798096 0.0713777 0.617692
8 0.112938 0.455585 0.106495 0.0668236 0.580774
8 0.871284 0.618032 0.0890644 0.0585997 0.548255
