2 0.262929 0.230953 0.0776166 0.0853395 0.838093
2 0.826535 0.283161 0.0884787 0.0894323 0.834984
3 0.630259 0.293927 0.0586618 0.0730996 0.834795
2 0.442084 0.729718 0.0909043 0.0790363 0.833588
8 0.871756 0.489443 0.130054 0.0919961 0.804643
2 0.455354 0.491355 0.0705913 0.0775987 0.798707
8 0.877357 0.728419 0.127527 0.0785241 0.760117
2 0.123629 0.584528 0.136267 0.0797112 0.74683
6 0.151202 0.440804 0.0946373 0.0711286 0.734996
8 0.714739 0.218393 0.0669528 0.088019 0.678877
11 0.542102 0.228074 0.0619302 0.0806877 0.553239
6 0.158042 0.298147 0.0823361 0.0773783 0.50944
