11 0.270088 0.354445 0.0664665 0.0900998 0.863652
3 0.510201 0.35419 0.050784 0.0748633 0.860738
8 0.508479 0.254044 0.0610717 0.100256 0.837012
3 0.594535 0.469272 0.051455 0.0711795 0.824112
9 0.359002 0.139714 0.0516343 0.105982 0.815812
2 0.590172 0.765052 0.0593823 0.0936277 0.755275
9 0.355104 0.564787 0.0552929 0.0880871 0.736454
2 0.737788 0.459568 0.0905735 0.08789 0.719235
9 0.435411 0.457031 0.0535377 0.0856728 0.711808
5 0.735236 0.261302 0.0739444 0.0959483 0.710026
9 0.443788 0.763559 0.0516766 0.0846344 0.709215
2 0.726761 0.657146 0.0562168 0.0700527 0.689258
2 0.658944 0.558337 0.0604175 0.0852383 0.676345
5 0.6583 0.268104 0.0652689 0.0955151 0.639164
8 0.517959 0.668479 0.0679283 0.102134 0.63657
10 0.358087 0.884612 0.0577541 0.0971261 0.611871
3 0.694405 0.570497 0.051489 0.0604551 0.534893
