11 0.194656 0.191789 0.10291 0.0982857 0.891313
4 0.422982 0.177275 0.093792 0.137871 0.863882
2 0.190089 0.359292 0.112751 0.0758084 0.82746
2 0.527675 0.43406 0.0840465 0.079793 0.821397
10 0.525461 0.33861 0.0910306 0.110126 0.802291
2 0.0851984 0.438825 0.108986 0.069783 0.791532
6 0.314171 0.341829 0.0853447 0.0852925 0.780791
9 0.537817 0.270068 0.0631644 0.072963 0.774788
3 0.528732 0.604869 0.0783496 0.069549 0.752777
11 0.763745 0.336396 0.1202 0.106336 0.677103
2 0.192116 0.515782 0.132569 0.0790536 0.620373
6 0.857136 0.190902 0.0993942 0.0940644 0.535555
