3 0.344754 0.291483 0.069211 0.0653417 0.875665
4 0.557591 0.205588 0.0910904 0.114842 0.864471
3 0.23452 0.297053 0.0775915 0.066612 0.861366
3 0.464026 0.308679 0.0665688 0.0617588 0.861361
9 0.238805 0.681605 0.0665971 0.0528755 0.855544
4 0.454713 0.203633 0.0863487 0.109834 0.832029
9 0.341445 0.68053 0.0638716 0.0648789 0.826229
2 0.227437 0.194874 0.109704 0.085466 0.825932
9 0.136942 0.758577 0.0754998 0.0591287 0.819155
2 0.793662 0.203269 0.107136 0.0852357 0.806909
9 0.449877 0.688532 0.0702553 0.0649264 0.805093
9 0.547228 0.691621 0.0716604 0.0600746 0.803388
9 0.657379 0.693322 0.0685308 0.0593837 0.803161
0 0.347156 0.21791 0.0859276 0.0808865 0.797117
5 0.107426 0.206665 0.113324 0.0803722 0.792285
9 0.755817 0.698326 0.0747726 0.0602593 0.773098
9 0.13704 0.675777 0.070402 0.0563953 0.772583
3 0.894083 0.303456 0.088296 0.0731424 0.765946
3 0.663911 0.296081 0.0740597 0.0664933 0.74922
9 0.868157 0.698549 0.0800998 0.0596056 0.74467
9 0.431335 0.753637 0.062098 0.0565944 0.730148
9 0.34208 0.759333 0.0671257 0.055848 0.727454
3 0.769749 0.300267 0.0859097 0.0680396 0.708051
3 0.683358 0.212235 0.0803874 0.0803439 0.703774
5 0.92074 0.199856 0.108119 0.0841525 0.669154
11 0.550517 0.81518 0.0679355 0.0610145 0.642413
9 0.239276 0.757727 0.068202 0.058581 0.642352
9 0.54924 0.757929 0.0756967 0.0591598 0.534406
