10 0.750951 0.252199 0.112628 0.10172 0.881731
3 0.543255 0.256389 0.0680003 0.0694739 0.874996
4 0.437335 0.240187 0.0834267 0.111003 0.854234
3 0.636513 0.26092 0.0694054 0.0693692 0.844574
2 0.334277 0.558195 0.0740656 0.0589029 0.84356
5 0.861073 0.272181 0.0920001 0.0667757 0.839787
9 0.545958 0.485972 0.0690458 0.0597251 0.831223
2 0.232695 0.55724 0.0820923 0.0623734 0.828074
2 0.639748 0.557761 0.0862103 0.0649813 0.825989
9 0.238563 0.407717 0.0769336 0.0646627 0.823833
8 0.226808 0.477488 0.0862202 0.0609044 0.821888
2 0.438036 0.486313 0.0779122 0.0672891 0.816968
2 0.537413 0.407873 0.0778619 0.0681057 0.806611
9 0.331162 0.638179 0.0730989 0.0589703 0.795174
9 0.642451 0.493555 0.0764029 0.0560507 0.772845
3 0.743212 0.412356 0.0813796 0.0630603 0.765221
3 0.130213 0.245407 0.0813684 0.0702381 0.755389
5 0.747714 0.173154 0.0975957 0.086298 0.742865
8 0.344751 0.40775 0.084991 0.0674136 0.734511
8 0.124346 0.558236 0.103674 0.0658907 0.73286
5 0.840772 0.642165 0.0876555 0.0582562 0.681108
3 0.438568 0.410563 0.0666526 0.0567173 0.627912
8 0.848455 0.487209 0.0844901 0.056753 0.580308
2 0.2375 0.328994 0.0806739 0.0646053 0.516674
9 0.730263 0.641186 0.0755089 0.0678426 0.501828
