3 0.140754 0.242766 0.0752478 0.0699312 0.879647
3 0.345288 0.25531 0.0654033 0.0656312 0.876731
1 0.572428 0.159701 0.0923055 0.110814 0.859765
3 0.65979 0.2553 0.0705688 0.070091 0.854096
3 0.561656 0.250522 0.0665739 0.0719857 0.852919
2 0.347189 0.329712 0.0807362 0.0764592 0.844543
4 0.453577 0.23399 0.0822836 0.113798 0.840269
3 0.246987 0.328854 0.074222 0.0619032 0.837999
9 0.664179 0.494931 0.0744822 0.0566851 0.831721
5 0.767957 0.165665 0.0943062 0.0934261 0.82124
2 0.4542 0.488932 0.0812335 0.064745 0.813626
3 0.455841 0.409826 0.0666494 0.0578442 0.801164
9 0.567855 0.490128 0.0730419 0.060971 0.798043
5 0.8927 0.262492 0.0895636 0.0680356 0.797318
0 0.362985 0.158639 0.0800881 0.09582 0.784224
8 0.773846 0.572304 0.110522 0.0710745 0.767968
9 0.75433 0.647526 0.0724264 0.0599063 0.763792
9 0.231957 0.566045 0.0722372 0.0565948 0.682758
10 0.446983 0.758511 0.0670551 0.0531123 0.669374
0 0.876158 0.332575 0.0955694 0.0787399 0.66619
3 0.769654 0.411509 0.081351 0.0660298 0.655795
8 0.454788 0.565736 0.0830874 0.0649947 0.648087
2 0.237287 0.15634 0.089873 0.0896229 0.623047
8 0.348139 0.644302 0.0765715 0.06445 0.61239
8 0.239589 0.482367 0.0850545 0.062712 0.608347
2 0.769267 0.411293 0.0840057 0.0649314 0.604245
9 0.24881 0.403476 0.0744828 0.0708743 0.595041
9 0.877899 0.485215 0.0793281 0.0559471 0.593279
8 0.550246 0.723802 0.0844905 0.078899 0.512501
9 0.446543 0.646604 0.0806335 0.0606817 0.500953
