4 0.544197 0.186326 0.0948465 0.122053 0.888106
3 0.450213 0.288914 0.0659957 0.0715547 0.862407
4 0.441251 0.186618 0.088202 0.119266 0.861157
3 0.214649 0.280081 0.077728 0.0748083 0.860784
2 0.778875 0.182946 0.101723 0.0946816 0.857505
3 0.757021 0.28084 0.0756018 0.0702917 0.856521
3 0.101867 0.292858 0.0780174 0.0667769 0.851661
3 0.650107 0.276693 0.0709835 0.0742937 0.850666
3 0.328663 0.273229 0.0631283 0.0735724 0.84956
9 0.21185 0.686655 0.0744371 0.0581624 0.847624
9 0.324912 0.681372 0.0708858 0.0643318 0.843651
5 0.89832 0.180931 0.106326 0.0969761 0.842908
9 0.54417 0.689553 0.0730955 0.063145 0.842737
2 0.213894 0.179342 0.100757 0.0918318 0.840518
9 0.442159 0.685575 0.0733192 0.0630751 0.837783
5 0.0908607 0.191457 0.115201 0.0955892 0.832048
9 0.76419 0.694191 0.0767384 0.0634201 0.8298
9 0.105487 0.683879 0.0703117 0.0594767 0.807932
3 0.881611 0.282878 0.0931203 0.0730614 0.78457
11 0.0762079 0.807269 0.10612 0.0614981 0.755702
10 0.319677 0.784449 0.0900966 0.0863975 0.750758
3 0.668332 0.192419 0.0798968 0.0944825 0.728974
3 0.331209 0.199035 0.0767666 0.0907642 0.683686
8 0.888664 0.693035 0.0929097 0.0610561 0.678958
9 0.662253 0.689917 0.0778507 0.0641729 0.646766
10 0.421964 0.810888 0.072037 0.0669864 0.573629
10 0.553557 0.817591 0.0750984 0.0544422 0.55877
11 0.0968731 0.778856 0.0881098 0.0613054 0.542771
3 0.565478 0.296206 0.0622038 0.0679876 0.538801
