4 0.686959 0.579668 0.0766208 0.14772 0.864829
6 0.264402 0.275807 0.0579672 0.113013 0.857309
6 0.438975 0.173519 0.0501078 0.111276 0.851958
5 0.477789 0.765067 0.0696913 0.111097 0.842231
0 0.620653 0.645024 0.060359 0.11707 0.839188
7 0.387627 0.184267 0.062303 0.153829 0.835168
8 0.493637 0.147857 0.0539429 0.108111 0.834684
10 0.131022 0.639929 0.0793471 0.149506 0.831555
10 0.324674 0.231576 0.0658051 0.137376 0.831371
8 0.198416 0.312425 0.0595898 0.111786 0.823762
9 0.244575 0.371118 0.0545662 0.0880809 0.818295
9 0.48467 0.227671 0.0465954 0.0812346 0.817092
11 0.547472 0.125852 0.053867 0.0980592 0.814122
9 0.535798 0.195355 0.0463558 0.0810047 0.807452
0 0.801886 0.49807 0.0635069 0.111496 0.805135
9 0.309399 0.332602 0.0518733 0.0857641 0.805094
9 0.176485 0.415858 0.0560395 0.0876972 0.803282
9 0.589543 0.16343 0.0457787 0.0826996 0.801932
11 0.138197 0.358915 0.0653373 0.107048 0.800581
9 0.372986 0.294857 0.0507715 0.0848293 0.797914
9 0.433144 0.254187 0.0492143 0.0826922 0.791411
3 0.7401 0.452164 0.0485224 0.0816095 0.788366
3 0.670496 0.488964 0.0535157 0.0856588 0.782641
3 0.614052 0.537872 0.054155 0.0891579 0.761653
3 0.500896 0.633521 0.0563482 0.0917405 0.759043
3 0.852731 0.365227 0.0532953 0.086913 0.739792
3 0.79221 0.411625 0.0520662 0.0917445 0.728492
5 0.906639 0.414143 0.0669367 0.101718 0.717811
3 0.560811 0.590444 0.0580446 0.0915606 0.713786
1 0.748105 0.516927 0.0740505 0.161433 0.707087
2 0.855962 0.447803 0.0595724 0.119674 0.691036
2 0.558729 0.697403 0.0679747 0.118656 0.613027
3 0.427312 0.698852 0.0589114 0.0932387 0.516294
3 0.559272 0.698057 0.0691413 0.118662 0.259596
